1         0.25            6.4665e-05      
1.1       0.25            7.63466e-05     
1.2       0.25            0.000207806     
1.3       0.245025        0.000205948     
1.4       0.242556        0.000231348     
1.5       0.245025        0.000301636     
1.6       0.2401          0.000600884     
1.7       0.235225        0.00069583      
1.8       0.235225        0.00122655      
1.9       0.191406        0.00138059      
2         0.198025        0.00132494      
2.1       0.148225        0.00170529      
2.2       0.182756        0.00379328      
2.3       0.0540563       0.00675302      
2.4       0.1296          0.00313125      
2.5       0.0256          0.00481695      
2.6       0.000225        0.00123742      
2.7       0.0637563       0.00153176      
2.8       0.0225          0.00246376      
2.9       0.024025        0.000887672     
3         0.00765625      0.000696782     
